mean: [-0.05776616  0.41652995 -0.85852533  0.1029629   0.21647285]
std: [10.0334025   7.48712008  0.87601435  0.0857149   0.17403523]
imu-mean: [-6.35195060e-02  1.86073923e-01  9.79666445e+00 -3.03756107e-05
  5.81040300e-04  8.20307800e-03], imu-std:[0.85258855 0.9516325  0.34016295 0.01983952 0.02204422 0.13832507]