mean: [-0.05815086  0.416526   -0.85854134  8.25940242  0.216429  ]
std: [10.03660669  7.49360111  0.8761208   9.50562911  0.17403938]