mean: [-0.0735345   0.35403102 -0.86296235  0.10791313  0.2220441 ]
std: [10.10606921  7.57002251  0.86430529  0.08796927  0.17674414]
imu-mean: [-6.85464439e-02  1.67181916e-01  9.79671509e+00 -1.55531690e-05
  5.68125108e-04  5.85905587e-03], imu-std:[0.87662013 0.95283862 0.34706099 0.02044651 0.02268755 0.14122434]