mean: [-0.05815086  0.416526   -0.85854134  0.10291318  0.216429  ]
std: [10.03660669  7.49360111  0.8761208   0.08570023  0.17403938]