No changes to channels:
mean: [-0.0545747, 0.28374633, -0.8452891, 0.21484476, 8.13603493, 8.03742932]
std: [9.97446745, 7.43543221, 0.87418263, 0.17477078, 9.49465492, 9.50074779]
Channle vlaues changed:
mean: [-0.00045479, 0.00236455, -0.0070441, 0.21484476, 0.1039217, 0.10714443]
std: [0.08312062, 0.06196196, 0.00728464, 0.17477078, 0.08713332, 0.09107883] # channesl: x=0, y=1, z=2, remissions=3, range(x,y,z)=4, depth(x,y)=5
